10
0.0 76.947 96.6462 53.7706 50.6511 98.2024 125.3455 80.2221 104.0629 27.3642
76.947 0.0 125.7808 74.9468 88.0137 154.5267 153.8585 91.0786 162.2083 67.9397
96.6462 125.7808 0.0 54.5303 143.5257 69.4341 37.3994 43.9641 72.3032 121.711
53.7706 74.9468 54.5303 0.0 90.0516 95.5672 90.4307 36.4382 88.9773 69.0325
50.6511 88.0137 143.5257 90.0516 0.0 147.9074 175.0504 122.4902 154.3483 24.1252
98.2024 154.5267 69.4341 95.5672 147.9074 0.0 75.5466 67.1911 79.8574 123.9601
125.3455 153.8585 37.3994 90.4307 175.0504 75.5466 0.0 64.0242 93.9556 151.2746
80.2221 91.0786 43.9641 36.4382 122.4902 67.1911 64.0242 0.0 96.6048 99.7725
104.0629 162.2083 72.3032 88.9773 154.3483 79.8574 93.9556 96.6048 0.0 130.9248
27.3642 67.9397 121.711 69.0325 24.1252 123.9601 151.2746 99.7725 130.9248 0.0
