10
0.0 108.973 80.5424 21.1191 122.883 62.8296 104.717 98.2454 93.3755 104.1874
108.973 0.0 94.9596 89.8351 16.2875 80.7986 32.2782 132.0034 107.0663 50.3963
80.5424 94.9596 0.0 59.4234 108.2447 31.8257 80.939 61.5105 21.8795 75.9743
21.1191 89.8351 59.4234 0.0 103.6875 42.6438 85.4658 77.9034 74.5568 84.8702
122.883 16.2875 108.2447 103.6875 0.0 94.651 43.7981 146.1107 121.4 61.9162
62.8296 80.7986 31.8257 42.6438 94.651 0.0 72.0307 85.1142 53.2672 67.4967
104.717 32.2782 80.939 85.4658 43.7981 72.0307 0.0 129.2184 98.3373 18.8162
98.2454 132.0034 61.5105 77.9034 146.1107 85.1142 129.2184 0.0 44.5939 132.4469
93.3755 107.0663 21.8795 74.5568 121.4 53.2672 98.3373 44.5939 0.0 93.3726
104.1874 50.3963 75.9743 84.8702 61.9162 67.4967 18.8162 132.4469 93.3726 0.0
